$ 1 0.000005 10.20027730826997 50 5 50 5e-11
R 352 96 352 32 0 0 40 12 0 0 0.5
w 352 96 224 96 0
w 224 96 128 96 0
w 224 96 224 144 0
w 352 96 352 144 0
w 128 96 128 208 0
s 224 144 224 192 0 1 false
s 128 208 128 288 0 0 false
w 224 192 224 208 0
r 224 208 304 208 0 10000
w 128 288 128 320 0
w 128 320 192 320 0
r 192 320 304 320 0 10000
t 304 208 352 208 0 1 -10.710310578183744 0.24023737684187285 100 default
t 304 320 352 320 0 1 0.5959527130783568 0.613880978956765 100 default
w 352 144 352 192 0
w 352 224 352 304 0
w 352 336 352 368 0
r 352 368 352 448 0 1000
162 432 368 432 448 2 default-led 1 0 0 0.01
g 432 448 432 480 0 0
g 352 448 352 480 0 0
w 352 336 384 336 0
r 384 336 432 336 0 1000
w 432 336 432 368 0
