$ 1 0.000005 10.20027730826997 50 5 50 5e-11
t 320 160 368 160 0 1 -11.442757896360861 0.2419332054821226 100 default
t 320 256 368 256 0 1 -11.442757896353523 0.24193320548946062 100 default
R 368 64 368 0 0 0 40 12 0 0 0.5
w 368 64 224 64 0
w 224 64 224 96 0
w 224 64 160 64 0
w 160 64 160 192 0
s 160 192 160 256 0 1 false
r 320 256 208 256 0 10000
w 208 256 160 256 0
r 320 160 224 160 0 10000
s 224 96 224 160 0 1 false
w 368 64 368 112 0
w 368 112 368 144 0
w 368 112 432 112 0
w 432 112 432 208 0
w 432 208 368 208 0
w 368 208 368 240 0
w 368 176 400 176 0
w 400 176 400 304 0
w 368 272 368 304 0
w 368 304 400 304 0
w 400 304 400 336 0
162 400 336 400 384 2 default-led 1 0 0 0.01
g 400 384 400 432 0 0
